0.1    true	0.29166666666666646	31.0    1.0
0.1    true	0.21458333333333326	31.0    1.0
0.1    true	0.19166666666666662	31.0    0.98  1.0 300
0.1    true	0.23333333333333328	31.0    1.0  1.0 300
0.1    true	0.17499999999999996	31.0    1.0  1.0 300
0.1    true	0.17291666666666658	31.0    1.0  1.0 300
0.1    true	0.19166666666666662	31.0    1.0  1.0 300
0.1    true	0.15833333333333327	31.0    1.0  1.0 300
0.1    true	0.19166666666666662	31.0    1.0  1.0 300
0.1    true	0.1729166666666666	31.0    1.0  1.0 300
0.1    true	0.1541666666666666	31.0    1.0  1.0 300
0.1    true	0.18749999999999997	31.0    1.0  1.0 300
0.1    true	0.17500000000000002	31.0    1.0  1.0 300
0.1    true	0.2333333333333333	31.0    1.0  1.0 300
0.1    true	0.1541666666666666	31.0    1.0  1.0 300
0.1    true	0.22499999999999998	31.0    1.0  1.0 300
0.1    true	0.16458333333333328	31.0    1.0  1.0 300
0.1    true	0.1666666666666666	31.0    1.0  1.0 300
0.1    true	0.11874999999999993	31.0    1.0  1.0 300
0.1    true	0.22291666666666665	31.0    1.0  1.0 300
0.1    true	0.16458333333333328	31.0    1.0  1.0 300
0.1    true	0.16249999999999995	31.0    1.0  1.0 300
0.1    true	0.20624999999999996	31.0    1.0  1.0 300
0.1    true	0.23749999999999996	31.0    0.9  8.0 100 1 1
0.1    true	0.16249999999999995	31.0    0.9  1.0 300 1 1
0.1    true	0.2416666666666666	31.0    0.9  8.0 100 1 1
0.1    true	0.18749999999999992	31.0    0.9  8.0 100 1 1
0.1    true	0.16249999999999995	31.0    0.9  8.0 100 1 1
0.1    true	0.23333333333333336	31.0    0.9  8.0 100 1 1
0.1    true	0.22499999999999995	31.0    0.9  8.0 100 1 1
0.1    true	0.17499999999999996	31.0    0.9  8.0 100 1 1
0.1    true	0.23958333333333334	31.0    0.9  8.0 100 1 1
0.1    true	0.22708333333333322	31.0    0.9  8.0 100 1 1
0.1    true	0.14999999999999994	31.0    0.9  8.0 100 1 1
0.1    true	0.20416666666666664	31.0    0.9  8.0 100 1 1
0.1    true	0.2166666666666666	31.0    0.9  8.0 100 1 1
0.1    true	0.18333333333333332	31.0    0.9  8.0 100 1 1
0.1    true	0.23958333333333318	31.0    0.9  8.0 100 1 1
0.1    true	0.1729166666666666	31.0    0.9  8.0 100 1 1
0.1    true	0.25	31.0    0.9  8.0 100 1 1
0.1    true	0.16458333333333328	31.0    0.9  8.0 100 1 1
0.1    true	0.19999999999999996	31.0    0.9  8.0 100 1 1
0.1    true	0.16666666666666663	31.0    0.9  8.0 100 1 1
0.1    true	0.29999999999999993	31.0    0.9  8.0 100 1 1
0.1    true	0.32499999999999996	29.0    0.9  8.0 100 1 1
0.1    true	0.22499999999999998	31.0    0.9  8.0 100 1 1
0.1    true	0.27499999999999986	31.0    0.9  8.0 100 1 1
0.1    true	0.17916666666666659	31.0    0.9  8.0 100 1 1
0.1    true	0.14999999999999994	31.0    0.9  12.0 100 10 1
0.1    true	0.2395833333333333	31.0    0.9  12.0 100 10 1
0.1    true	0.29166666666666663	31.0    0.9  12.0 100 10 1
0.1    true	0.20833333333333326	31.0    0.9  12.0 100 9 1
0.1    true	0.17083333333333328	31.0    0.9  12.0 100 9 1
0.1    true	0.28333333333333327	31.0    0.9  12.0 100 9 1
0.1    true	0.24166666666666667	31.0    0.9  12.0 100 9 1
0.1    true	0.3833333333333333	31.0    0.9  12.0 100 9 1
0.1    true	0.2166666666666667	31.0    0.9  12.0 100 9 1
0.1    true	0.1666666666666666	31.0    0.9  12.0 100 9 1
0.1    true	0.4999999999999997	31.0    0.9  8.0 100 15 1
